# map.yaml file

law: 40.761588, -111.851874
sagepoint: 40.763549, -111.830207

